$ 1 0.000005 10.20027730826997 50 5 43 5e-11
v 432 128 512 128 0 1 100 5 5 0 0.8
w 624 144 512 128 0
r 432 64 512 64 0 100
w 512 64 512 128 0
w 432 64 432 128 0
w 400 208 320 208 0
w 512 208 512 272 0
r 400 208 512 208 0 100
w 624 176 512 208 0
v 432 272 512 272 0 1 100 5 5 0 0.8
c 384 176 320 176 0 0.000019999999999999998 2.4390528911417486 0.001
w 432 272 240 272 0
w 704 160 784 160 0
g 848 160 880 160 0 0
a 624 160 704 160 9 15 -15 1000000 5.486177471093595 5.486177471787064 100000
162 784 160 848 160 2 default-led 1 0 0 0.01
S 240 192 320 192 0 1 false 0 2
w 240 192 240 272 0
w 384 176 400 208 0
o 1 64 0 12291 9.999999999710687 0.0001 0 2 1 3
o 8 64 0 12291 10.000000001085498 0.0001 1 2 8 3
o 12 64 0 4099 0.00244140625 0.00009765625 2 2 12 3
